  1507   1507
 -4340     77
  -441  -2573
  4678   -415
  3015      0
  4678   -415
  -441  -2573
 -4340     77
  1507   1507
    77  -4340
 -2573   -441
  -415   4678
     0   3015
  -415   4678
 -2573   -441
    77  -4340
  1507   1507
 -4340     77
  -441  -2573
  4678   -415
  3015      0
  4678   -415
  -441  -2573
 -4340     77
  1507   1507
    77  -4340
 -2573   -441
  -415   4678
     0   3015
  -415   4678
 -2573   -441
    77  -4340
  1507   1507
 -4340     77
  -441  -2573
  4678   -415
  3015      0
  4678   -415
  -441  -2573
 -4340     77
  1507   1507
    77  -4340
 -2573   -441
  -415   4678
     0   3015
  -415   4678
 -2573   -441
    77  -4340
  1507   1507
 -4340     77
  -441  -2573
  4678   -415
  3015      0
  4678   -415
  -441  -2573
 -4340     77
  1507   1507
    77  -4340
 -2573   -441
  -415   4678
     0   3015
  -415   4678
 -2573   -441
    77  -4340
  1507   1507
 -4340     77
  -441  -2573
  4678   -415
  3015      0
  4678   -415
  -441  -2573
 -4340     77
  1507   1507
    77  -4340
 -2573   -441
  -415   4678
     0   3015
  -415   4678
 -2573   -441
    77  -4340
  1507   1507
 -4340     77
  -441  -2573
  4678   -415
  3015      0
  4678   -415
  -441  -2573
 -4340     77
  1507   1507
    77  -4340
 -2573   -441
  -415   4678
     0   3015
  -415   4678
 -2573   -441
    77  -4340
  1507   1507
 -4340     77
  -441  -2573
  4678   -415
  3015      0
  4678   -415
  -441  -2573
 -4340     77
  1507   1507
    77  -4340
 -2573   -441
  -415   4678
     0   3015
  -415   4678
 -2573   -441
    77  -4340
  1507   1507
 -4340     77
  -441  -2573
  4678   -415
  3015      0
  4678   -415
  -441  -2573
 -4340     77
  1507   1507
    77  -4340
 -2573   -441
  -415   4678
     0   3015
  -415   4678
 -2573   -441
    77  -4340
  1507   1507
 -4340     77
  -441  -2573
  4678   -415
  3015      0
  4678   -415
  -441  -2573
 -4340     77
  1507   1507
    77  -4340
 -2573   -441
  -415   4678
     0   3015
  -415   4678
 -2573   -441
    77  -4340
  1507   1507
 -4340     77
  -441  -2573
  4678   -415
  3015      0
  4678   -415
  -441  -2573
 -4340     77
  1507   1507
    77  -4340
 -2573   -441
  -415   4678
     0   3015
  -415   4678
 -2573   -441
    77  -4340
 -5120      0
   403  -3198
  3005  -3469
 -3011  -3773
   -92  -1762
  2460   2426
 -4172    672
 -3994    543
 -1148   4944
 -1850    714
 -1976  -2664
  2279   -463
  2694  -3026
 -4301  -2137
 -1875  -1288
  1210  -3223
  2048   2048
  3907    134
  -737  -5264
  1922    490
   802   1918
 -4483   1553
    32   3768
  1748   -134
  3196    848
 -1256   3479
 -3773   1808
  1960   2874
   692   -914
  3173  -2713
  1303   3642
  -168   3943
  5120      0
  -168  -3943
  1303  -3642
